P0: 640.0 0.0 640.0 0.0 0.0 720.0 480.0 0.0 0.0 0.0 1.0 0.0 
P1: 640.0 0.0 640.0 0.0 0.0 720.0 480.0 0.0 0.0 0.0 1.0 0.0 
P2: 640.0 0.0 640.0 0.0 0.0 720.0 480.0 0.0 0.0 0.0 1.0 0.0 
P3: 640.0 0.0 640.0 0.0 0.0 720.0 480.0 0.0 0.0 0.0 1.0 0.0 
R0_rect: 1.0 0.0 0.0 0.0 1.0 0.0 0.0 0.0 1.0 
Tr_velo_to_cam: 0.0 -1.0 0.0 0.0 0.0 0.0 -1.0 0.0 1.0 0.0 0.0 0.0 
Tr_imu_to_velo: 0.0 -1.0 0.0 0.0 0.0 0.0 -1.0 0.0 1.0 0.0 0.0 0.0 