P0: 0.0 0.0 0.0 0.0 0.0 0.0 0.0 0.0 0.0 0.0 0.0 0.0
P1: 0.0 0.0 0.0 0.0 0.0 0.0 0.0 0.0 0.0 0.0 0.0 0.0
P2: 638.062853 0.000000 648.508420 0.000000 0.000000 639.685795 360.891300 0.000000 0.000000 0.000000 1.000000 0.000000
P3: 0.0 0.0 0.0 0.0 0.0 0.0 0.0 0.0 0.0 0.0 0.0 0.0
R0_rect: 1.000000e+00 0.000000e+00 0.000000e+00 0.000000e+00 1.000000e+00 0.000000e+00 0.000000e+00 0.000000e+00 1.000000e+00
Tr_velo_to_cam: -0.0119851 -0.9998643 0.0113016 -0.0259428 0.0534957 -0.0119274 -0.9984968 0.0656793 0.9984962 -0.0113625 0.0536314 -0.0718959
Tr_imu_to_velo: 0.0 0.0 0.0 0.0 0.0 0.0 0.0 0.0 0.0 0.0 0.0 0.0

