P0: 0.0 0.0 0.0 0.0 0.0 0.0 0.0 0.0 0.0 0.0 0.0 0.0
P1: 0.0 0.0 0.0 0.0 0.0 0.0 0.0 0.0 0.0 0.0 0.0 0.0
P2: 6.380629e+02 0.000000e+00 6.485084e+02 0.000000e+00 0.000000e+00 6.396858e+02 3.608913e+02 0.000000e+00 0.000000e+00 0.000000e+00 1.000000e+00 0.000000e+00
P3: 0.0 0.0 0.0 0.0 0.0 0.0 0.0 0.0 0.0 0.0 0.0 0.0
R0_rect: 1.000000e+00 0.000000e+00 0.000000e+00 0.000000e+00 1.000000e+00 0.000000e+00 0.000000e+00 0.000000e+00 1.000000e+00
Tr_velo_to_cam: -0.011985 0.053496 0.998496 0.000000 -0.999864 -0.011927 -0.011362 0.000000 0.011302 -0.998497 0.053631 0.000000
Tr_imu_to_velo: 0.0 0.0 0.0 0.0 0.0 0.0 0.0 0.0 0.0 0.0 0.0 0.0
