P0: 0.0 0.0 0.0 0.0 0.0 0.0 0.0 0.0 0.0 0.0 0.0 0.0
P1: 0.0 0.0 0.0 0.0 0.0 0.0 0.0 0.0 0.0 0.0 0.0 0.0
P2: 653.57966258 0.00000000 651.43100193 0.00000000 0.00000000 654.32018408 375.40005417 0.00000000 0.00000000 0.00000000 1.00000000 0.00000000
P3: 0.0 0.0 0.0 0.0 0.0 0.0 0.0 0.0 0.0 0.0 0.0 0.0
R0_rect: 1.000000e+00 0.000000e+00 0.000000e+00 0.000000e+00 1.000000e+00 0.000000e+00 0.000000e+00 0.000000e+00 1.000000e+00
Tr_velo_to_cam: -0.01647755 -0.99986421 -0.00020963 0.18138600 0.02044394 -0.00012730 -0.99979099 0.04213800 0.99965521 -0.01647839 0.02044327 -0.02271100
Tr_imu_to_velo: 0.0 0.0 0.0 0.0 0.0 0.0 0.0 0.0 0.0 0.0 0.0 0.0

