P0: 0.0 0.0 0.0 0.0 0.0 0.0 0.0 0.0 0.0 0.0 0.0 0.0
P1: 0.0 0.0 0.0 0.0 0.0 0.0 0.0 0.0 0.0 0.0 0.0 0.0
P2: 638.062853 0.000000 648.508420 0.000000 0.000000 639.685795 360.891300 0.000000 0.000000 0.000000 1.000000 0.000000
P3: 0.0 0.0 0.0 0.0 0.0 0.0 0.0 0.0 0.0 0.0 0.0 0.0
R0_rect: 1.000000e+00 0.000000e+00 0.000000e+00 0.000000e+00 1.000000e+00 0.000000e+00 0.000000e+00 0.000000e+00 1.000000e+00
Tr_velo_to_cam: -0.0164776 0.0204439 0.9996552 0.0248281 -0.9998642 -0.0001273 -0.0164784 0.1809924 -0.0002096 -0.9997910 0.0204433 0.0426315
Tr_imu_to_velo: 0.0 0.0 0.0 0.0 0.0 0.0 0.0 0.0 0.0 0.0 0.0 0.0

